0.0,-122.3806067,37.60697924,0.2254994367,0.2798470285,-0.6503769035,27.68462044
1.18,-122.3806067,37.60697924,0.2254998885,0.2839256424,-0.6503485829,27.68457134
1.97,-122.3806067,37.60697924,0.2255001679,0.2833359715,-0.6503440625,27.68457848
2.99,-122.3806067,37.60697924,0.2255003328,0.2826472203,-0.6503359542,27.68458683
4.0,-122.3806067,37.60697924,0.2255004863,0.2823416644,-0.6503189693,27.68459059
4.98,-122.3806067,37.60697924,0.2255005999,0.282130956,-0.6503090225,27.68459318
6.29,-122.3806067,37.60697924,0.2255006819,0.2819708125,-0.6503027061,27.68459514
7.0,-122.3806067,37.60697924,0.2255007363,0.2818302603,-0.6502975673,27.68459686
7.99,-122.3806067,37.60697924,0.2255007633,0.2817928157,-0.6502951874,27.68459732
8.97,-122.3806067,37.60697924,0.2255007696,0.2817952345,-0.6502948339,27.68459729
10.0,-122.3806067,37.60697924,0.2255007693,0.2817930503,-0.6502949444,27.68459732
10.97,-122.3806067,37.60697924,0.2255007677,0.2817898318,-0.6502961881,27.68459735
12.0,-122.3806067,37.60697924,0.2255007564,0.2817871498,-0.6502984918,27.68459737
12.98,-122.3806067,37.60697924,0.2255007581,0.281790625,-0.6502986094,27.68459733
13.98,-122.3806067,37.60697924,0.2255007783,0.2817899952,-0.6502973536,27.68459734
15.0,-122.3806067,37.60697924,0.2255007803,0.2817937852,-0.6502976325,27.6845973
16.0,-122.3806067,37.60697924,0.2255007546,0.2817898025,-0.6503025851,27.68459732
16.98,-122.3806067,37.60697924,0.2255007772,0.2817909788,-0.6503004058,27.68459732
17.97,-122.3806067,37.60697924,0.2255007578,0.281792441,-0.6503030454,27.68459729
19.0,-122.3806067,37.60697924,0.2255007761,0.2817895166,-0.6503024325,27.68459733
19.98,-122.3806067,37.60697924,0.2255007664,0.2817865275,-0.6503050432,27.68459735
20.97,-122.3806067,37.60697924,0.2255007609,0.2817906145,-0.6503072091,27.68459729
21.98,-122.3806067,37.60697924,0.2255007783,0.2817902539,-0.6503056639,27.6845973
22.99,-122.3806067,37.60697924,0.2255007551,0.2817917084,-0.650309921,27.68459727
24.0,-122.3806067,37.60697924,0.2255007658,0.2817920186,-0.6503094913,27.68459726
25.0,-122.3806067,37.60697924,0.2255007598,0.2817930173,-0.6503113392,27.68459724
25.99,-122.3806067,37.60697924,0.2255007753,0.2817900641,-0.6503121912,27.68459728
26.98,-122.3806067,37.60697924,0.2255007629,0.2817863794,-0.6503147249,27.68459731
27.99,-122.3806067,37.60697924,0.2254888521,0.2817869791,-0.6517697844,27.68459101
29.0,-122.3806067,37.60697924,0.2254815795,0.2817930821,-0.6533942651,27.68458386
29.97,-122.3806066,37.60697947,0.2255063334,0.2817457551,-0.6497728611,27.68460576
30.98,-122.3806049,37.60698198,0.2256094934,0.2812524214,-0.6384277682,27.68480482
31.98,-122.3805981,37.60699224,0.2259159984,0.2807592241,-0.6121747211,27.68670308
32.97,-122.3805784,37.60702197,0.226616549,0.2793201597,-0.5686569021,27.69762975
33.99,-122.3805371,37.60708422,0.2275951627,0.2709332007,-0.5647888446,27.72898741
35.0,-122.3804735,37.60717984,0.2290844328,0.2620943926,-0.5664424784,27.77732484
35.98,-122.3803853,37.60731238,0.2309166251,0.2602052136,-0.593641958,27.83770667
37.0,-122.3802768,37.60747485,0.2331307467,0.2525525375,-0.6014710629,27.90437259
37.99,-122.3801453,37.60767138,0.235720577,0.246902315,-0.6024698347,27.97547427
38.99,-122.3799905,37.60790227,0.238523881,0.2394659947,-0.6155924374,28.04807875
39.97,-122.3798197,37.60815627,0.2413754225,0.2351344157,-0.6411136853,28.11679505
40.97,-122.3796233,37.60844768,0.2440063618,0.2279506719,-0.6976430994,28.18450358
42.0,-122.3793999,37.60877833,0.2467410554,0.2257857845,-0.693627974,28.25032293
42.97,-122.3791669,37.60912235,0.2498239861,0.2041232689,-0.6902624491,28.31006787
43.98,-122.3789053,37.60950785,0.252351494,0.2038651703,-0.7352039772,28.36653153
44.99,-122.3786204,37.60992662,0.2542738933,0.1947164061,-0.7893842562,28.41984739
45.98,-122.3783251,37.61035989,0.2559057133,0.1669383368,-0.7732779793,28.46863639
46.98,-122.3780024,37.61083248,0.2571470896,0.1495615223,-0.8358909254,28.51053638
48.0,-122.3776601,37.61133328,0.2575915512,0.1592265384,-0.8305552835,28.50114245
48.99,-122.3773022,37.61185755,0.2571492314,0.1617093997,-0.8786059893,28.36906164
50.0,-122.3769269,37.61240903,0.2559514457,0.1759810273,-0.9034457357,28.20605792
50.97,-122.3765423,37.61297783,0.2539267482,0.201685398,-0.9093402249,27.91200697
51.98,-122.3761333,37.61358832,0.2505719183,0.2299351156,-0.93628549,27.53768982
52.99,-122.375709,37.61422545,0.246657652,0.1467626643,-0.9840471635,27.66515712
54.0,-122.3752709,37.61488213,0.2416741945,0.01224844443,-0.9927493576,28.23848506
54.98,-122.3748181,37.61555645,0.2356694769,-0.05426692644,-1.019688716,28.5688857
55.99,-122.3743425,37.61625894,0.2286733755,-0.02110207297,-1.033774101,28.58425481
56.98,-122.373853,37.61697764,0.2207780673,-0.003000307317,-1.047553794,28.60006353
57.99,-122.3733331,37.61773685,0.2115226181,-0.02493168514,-1.119663278,28.78832297
59.0,-122.3728171,37.61848511,0.2023599259,-0.06584549515,-1.125424939,29.21627653
59.97,-122.3722653,37.61927863,0.2328207261,-0.06685603865,3.202102963,29.38402047
60.98,-122.3717065,37.62007786,0.4138935658,0.1194186962,18.54866755,29.34491782
61.97,-122.3711522,37.62086828,0.8297952133,0.2379071558,34.80120487,29.45197567
63.0,-122.3705673,37.62170018,1.227998037,0.3099902275,28.91373151,29.54897596
64.0,-122.3699913,37.62251713,1.800583557,-0.2686753574,23.35103052,29.63813651
64.98,-122.3694591,37.62327219,2.659176547,-1.186060843,36.56240503,29.54996272
65.98,-122.3689136,37.624049,3.669051473,-1.983262971,41.64752644,29.30735597
66.99,-122.3683701,37.62482706,4.744274581,-2.342936986,33.08763253,29.30135547
67.97,-122.3678651,37.62555706,5.880080283,-2.885394052,25.2265436,29.1665408
68.99,-122.3673477,37.6263111,7.042235084,-4.038628558,26.43776199,28.55578082
69.97,-122.366857,37.6270321,8.058080416,-5.199913154,22.36567055,28.43001168
70.98,-122.3663464,37.62778712,8.948222966,-6.205516862,14.4528328,28.69387673
71.98,-122.3658257,37.62855869,9.595482074,-7.239391443,9.232514909,28.68903319
72.98,-122.3653047,37.62934082,10.08911481,-8.237011923,16.20548709,27.09773716
74.0,-122.3647913,37.63013944,10.62454913,-9.721014986,23.02949276,25.31997062
74.99,-122.3642921,37.63093695,11.09302062,-10.21204456,6.369618298,27.44544699
75.98,-122.3637911,37.63173565,11.25324447,-9.055145219,-8.042494523,28.88252376
77.0,-122.3632547,37.63259133,11.12657461,-7.837562927,3.224348325,26.01597928
77.98,-122.3627362,37.6334352,10.96436693,-7.324970848,11.46773295,24.43143036
78.98,-122.3622,37.63433146,10.95819579,-4.306046071,11.31184748,26.12039638
79.97,-122.36168,37.63520534,11.02002355,-2.97995931,4.985224926,29.51805741
80.98,-122.3611218,37.63612861,10.97648783,-4.934251302,-0.3674609017,32.78819611
81.98,-122.3605632,37.63704424,10.86619564,-8.905635459,9.230242056,33.21561961
82.99,-122.3600077,37.63798207,10.99823798,-16.08487078,29.89362994,30.10463476
83.98,-122.3594752,37.63891629,11.28050774,-24.09500124,45.32659761,23.68026795
84.99,-122.3589316,37.63987463,11.58426062,-27.17533372,38.25488194,24.52441216
85.98,-122.3584516,37.64081918,12.061388,-34.89441885,31.83553629,20.55215451
87.0,-122.3580798,37.64177636,12.84141449,-46.48856546,34.57653016,8.277531581
87.97,-122.3577781,37.64271941,13.61928699,-42.63408097,19.1742733,17.39699655
88.98,-122.3574751,37.64367216,14.17694848,-42.02724936,1.965034124,28.15396679
89.98,-122.3571247,37.64463567,14.3823623,-50.37341408,4.650461533,22.05329149
90.98,-122.3567438,37.64561896,14.27492475,-54.90123334,4.513462406,21.00722822
91.99,-122.3564035,37.6466219,13.99963262,-55.21467458,7.596635588,13.30755868
92.99,-122.3561195,37.64766483,13.60539598,-50.21336234,2.890025306,14.75803038
93.97,-122.3558544,37.64868717,13.00582776,-46.37967378,-7.224289372,22.96445252
94.99,-122.3555425,37.64977266,12.07096154,-41.67681684,-5.994396164,21.03064593
95.99,-122.3552563,37.65085199,11.05947921,-35.49130056,-0.8706335738,16.10572825
96.99,-122.3549944,37.65198522,10.03792011,-36.55539579,-1.485373117,17.48242378
97.97,-122.3548383,37.65312271,9.321004299,-41.58880676,21.91962451,359.8067821
99.0,-122.3547172,37.65433746,8.652103949,-45.5860538,16.67048539,4.770875419
100.0,-122.3547029,37.65554202,8.200582622,-45.92065898,6.022133998,11.14885529
100.98,-122.354667,37.65673576,7.55469655,-45.47174492,-6.094508054,18.49849368
101.98,-122.3545081,37.65791176,6.435693344,-52.77029539,-15.31428848,26.59402098
102.99,-122.3543421,37.65911122,5.103466261,-62.90085912,8.076990632,353.5084759
103.98,-122.354323,37.66024638,3.862368925,-85.71650827,25.10022015,310.7874067
104.98,-122.3543871,37.66135748,2.689472376,-99.77195648,17.77459904,305.8948954
105.97,-122.3546065,37.66238207,1.463972578,-113.4076552,-6.603978141,303.0663161
106.98,-122.3549517,37.6633043,-0.1271132934,-122.7360709,-45.31356252,282.3467418
108.0,-122.3552697,37.66385599,-0.06814569551,-179.9402625,1.61458398,214.264099
